Boafo_advert.swf Movie Report
------------------------------

Frame #    Frame Bytes    Total Bytes    Scene
-------    -----------    -----------    ----------------
      1        3787458        3787458    Scene 1 (AS 2.0 Classes Export Frame)
      2            159        3787617    
      3            159        3787776    
      4            159        3787935    
      5            159        3788094    
      6            159        3788253    
      7            159        3788412    
      8            159        3788571    
      9            159        3788730    
     10            159        3788889    
     11            159        3789048    
     12            160        3789208    
     13            160        3789368    
     14            160        3789528    
     15            160        3789688    
     16            160        3789848    
     17            161        3790009    
     18            161        3790170    
     19            161        3790331    
     20            161        3790492    
     21             65        3790557    
     22              1        3790558    
     23              1        3790559    
     24              1        3790560    
     25              1        3790561    
     26              1        3790562    
     27              1        3790563    
     28              1        3790564    
     29              1        3790565    
     30              1        3790566    
     31              1        3790567    
     32              1        3790568    
     33              1        3790569    
     34              1        3790570    
     35              1        3790571    
     36              1        3790572    
     37              1        3790573    
     38              1        3790574    
     39              1        3790575    
     40              1        3790576    
     41              1        3790577    
     42              1        3790578    
     43              1        3790579    
     44              1        3790580    
     45              1        3790581    
     46              1        3790582    
     47              1        3790583    
     48              1        3790584    
     49              1        3790585    
     50              1        3790586    
     51              1        3790587    
     52              1        3790588    
     53              1        3790589    
     54              1        3790590    
     55              1        3790591    
     56              1        3790592    
     57              1        3790593    
     58             96        3790689    
     59              1        3790690    
     60              1        3790691    
     61              1        3790692    
     62              1        3790693    
     63              1        3790694    
     64              1        3790695    
     65              1        3790696    
     66              1        3790697    
     67              1        3790698    
     68              1        3790699    
     69              1        3790700    
     70              1        3790701    
     71              1        3790702    
     72              1        3790703    
     73              1        3790704    
     74              1        3790705    
     75              1        3790706    
     76              1        3790707    
     77              1        3790708    
     78              1        3790709    
     79              1        3790710    
     80              1        3790711    
     81              1        3790712    
     82              1        3790713    
     83              1        3790714    
     84              1        3790715    
     85              1        3790716    
     86              1        3790717    
     87              1        3790718    
     88              1        3790719    
     89              1        3790720    
     90              1        3790721    
     91              1        3790722    
     92              1        3790723    
     93              1        3790724    
     94              1        3790725    
     95              1        3790726    
     96              1        3790727    
     97              5        3790732    
     98              1        3790733    
     99              1        3790734    
    100              1        3790735    
    101              1        3790736    
    102            579        3791315    
    103            149        3791464    
    104            149        3791613    
    105            149        3791762    
    106            149        3791911    
    107            149        3792060    
    108            149        3792209    
    109            149        3792358    
    110            149        3792507    
    111            149        3792656    
    112            149        3792805    
    113            149        3792954    
    114            149        3793103    
    115            149        3793252    
    116            149        3793401    
    117            149        3793550    
    118            149        3793699    
    119            149        3793848    
    120            149        3793997    
    121            149        3794146    
    122            149        3794295    
    123            149        3794444    
    124            149        3794593    
    125            149        3794742    
    126            149        3794891    
    127            149        3795040    
    128            149        3795189    
    129            149        3795338    
    130            149        3795487    
    131            149        3795636    
    132            149        3795785    
    133            149        3795934    
    134            149        3796083    
    135            149        3796232    
    136            149        3796381    
    137            149        3796530    
    138            149        3796679    
    139            149        3796828    
    140            149        3796977    
    141            149        3797126    
    142            149        3797275    
    143            149        3797424    
    144            149        3797573    
    145            149        3797722    
    146            149        3797871    
    147            149        3798020    
    148            149        3798169    
    149            149        3798318    
    150            149        3798467    
    151            149        3798616    
    152            149        3798765    
    153            149        3798914    
    154            149        3799063    
    155            149        3799212    
    156            149        3799361    
    157            149        3799510    
    158            149        3799659    
    159            149        3799808    
    160             41        3799849    
    161              1        3799850    
    162              1        3799851    
    163              1        3799852    
    164              1        3799853    
    165              1        3799854    
    166              1        3799855    
    167              1        3799856    
    168           3043        3802899    
    169              1        3802900    
    170          18427        3821327    
    171             20        3821347    
    172             20        3821367    
    173             20        3821387    
    174             20        3821407    
    175             20        3821427    
    176             20        3821447    
    177             39        3821486    
    178             39        3821525    
    179             39        3821564    
    180             40        3821604    
    181             40        3821644    
    182             40        3821684    
    183             40        3821724    
    184             40        3821764    
    185           2496        3824260    
    186             49        3824309    
    187             41        3824350    
    188             41        3824391    
    189             40        3824431    
    190             40        3824471    
    191             40        3824511    
    192             40        3824551    
    193             40        3824591    
    194             40        3824631    
    195            179        3824810    
    196           7180        3831990    
    197             41        3832031    
    198           6212        3838243    
    199             41        3838284    
    200             40        3838324    
    201             40        3838364    
    202             21        3838385    
    203             21        3838406    
    204             21        3838427    
    205             20        3838447    
    206          20759        3859206    
    207             20        3859226    
    208             20        3859246    
    209             20        3859266    
    210             20        3859286    
    211             20        3859306    
    212             20        3859326    
    213             20        3859346    
    214             20        3859366    
    215             20        3859386    
    216             20        3859406    
    217             20        3859426    
    218             20        3859446    
    219             20        3859466    
    220             20        3859486    
    221           2219        3861705    
    222             20        3861725    
    223             20        3861745    
    224             20        3861765    
    225             20        3861785    
    226             20        3861805    
    227             20        3861825    
    228             20        3861845    
    229             20        3861865    
    230             20        3861885    
    231             20        3861905    
    232             20        3861925    
    233             20        3861945    
    234             20        3861965    
    235           7820        3869785    
    236             20        3869805    
    237             20        3869825    
    238             20        3869845    
    239             20        3869865    
    240             20        3869885    
    241             20        3869905    
    242             20        3869925    
    243             20        3869945    
    244             20        3869965    
    245             20        3869985    
    246             20        3870005    
    247             20        3870025    
    248             20        3870045    
    249          35324        3905369    
    250             20        3905389    
    251             20        3905409    
    252             20        3905429    
    253              1        3905430    
    254              1        3905431    
    255              1        3905432    
    256              1        3905433    
    257              1        3905434    
    258              1        3905435    
    259              1        3905436    
    260              1        3905437    
    261              1        3905438    
    262              1        3905439    
    263              1        3905440    
    264              1        3905441    
    265              1        3905442    
    266              1        3905443    
    267              1        3905444    
    268              1        3905445    
    269              1        3905446    
    270              1        3905447    
    271              1        3905448    
    272              1        3905449    
    273              1        3905450    
    274              1        3905451    
    275              1        3905452    
    276              1        3905453    
    277              1        3905454    
    278              1        3905455    
    279              1        3905456    
    280              1        3905457    
    281              1        3905458    
    282              1        3905459    
    283              1        3905460    
    284              1        3905461    
    285              1        3905462    
    286              1        3905463    
    287              1        3905464    
    288              1        3905465    
    289              1        3905466    
    290              1        3905467    
    291              1        3905468    
    292              1        3905469    
    293              1        3905470    
    294              1        3905471    
    295              1        3905472    
    296              1        3905473    
    297              1        3905474    
    298             13        3905487    
    299              1        3905488    
    300              1        3905489    
    301              1        3905490    
    302              1        3905491    
    303              1        3905492    
    304              1        3905493    
    305              1        3905494    
    306              1        3905495    
    307              1        3905496    
    308              1        3905497    
    309              1        3905498    
    310              1        3905499    
    311              1        3905500    
    312              1        3905501    
    313              1        3905502    
    314              1        3905503    
    315              1        3905504    
    316          22430        3927934    
    317              1        3927935    
    318              1        3927936    
    319              1        3927937    
    320              1        3927938    
    321              1        3927939    
    322              1        3927940    
    323              1        3927941    
    324              1        3927942    
    325              1        3927943    
    326              1        3927944    
    327              1        3927945    
    328              1        3927946    
    329              1        3927947    
    330              1        3927948    
    331              1        3927949    
    332              1        3927950    
    333              1        3927951    
    334              1        3927952    
    335              1        3927953    
    336              1        3927954    
    337              1        3927955    
    338              1        3927956    
    339              1        3927957    
    340              1        3927958    
    341              1        3927959    
    342              1        3927960    
    343              1        3927961    
    344              1        3927962    
    345              1        3927963    
    346              1        3927964    
    347              1        3927965    
    348              1        3927966    
    349              1        3927967    
    350              1        3927968    
    351              1        3927969    
    352              1        3927970    
    353              1        3927971    
    354              1        3927972    
    355              1        3927973    
    356              1        3927974    
    357              1        3927975    
    358              1        3927976    
    359              1        3927977    
    360              1        3927978    
    361              1        3927979    
    362              1        3927980    
    363              1        3927981    
    364              1        3927982    
    365              1        3927983    
    366              1        3927984    
    367              1        3927985    
    368              1        3927986    
    369              1        3927987    
    370             13        3928000    
    371           6158        3934158    
    372              1        3934159    
    373          96907        4031066    
    374              1        4031067    
    375              1        4031068    
    376              1        4031069    
    377              1        4031070    
    378              1        4031071    
    379              1        4031072    
    380              1        4031073    
    381              1        4031074    
    382              1        4031075    
    383              1        4031076    
    384              1        4031077    
    385              1        4031078    
    386              1        4031079    
    387              1        4031080    
    388              1        4031081    
    389              1        4031082    
    390              1        4031083    
    391              1        4031084    
    392              1        4031085    
    393              1        4031086    
    394              1        4031087    
    395              1        4031088    
    396              1        4031089    
    397              1        4031090    
    398              1        4031091    
    399              1        4031092    
    400              1        4031093    
    401              1        4031094    
    402              1        4031095    
    403              1        4031096    
    404              1        4031097    
    405              1        4031098    
    406              1        4031099    
    407              1        4031100    
    408              1        4031101    
    409              1        4031102    
    410              1        4031103    
    411              1        4031104    
    412              1        4031105    
    413              1        4031106    
    414              1        4031107    
    415              1        4031108    
    416              1        4031109    
    417              1        4031110    
    418              1        4031111    
    419              1        4031112    
    420              1        4031113    
    421              1        4031114    
    422              1        4031115    
    423              1        4031116    
    424              1        4031117    
    425              1        4031118    
    426              1        4031119    
    427              1        4031120    
    428              1        4031121    
    429              1        4031122    
    430              1        4031123    
    431              1        4031124    
    432              1        4031125    
    433              1        4031126    
    434              1        4031127    
    435              1        4031128    
    436              1        4031129    
    437              1        4031130    
    438              1        4031131    
    439              1        4031132    
    440              1        4031133    
    441              1        4031134    
    442              1        4031135    
    443              1        4031136    
    444              1        4031137    
    445              1        4031138    
    446              1        4031139    
    447              1        4031140    
    448              1        4031141    
    449              1        4031142    
    450              1        4031143    
    451              1        4031144    
    452              1        4031145    
    453              1        4031146    
    454              1        4031147    
    455              1        4031148    
    456              1        4031149    
    457              1        4031150    
    458           4435        4035585    
    459             20        4035605    
    460             20        4035625    
    461             20        4035645    
    462             20        4035665    
    463             20        4035685    
    464             20        4035705    
    465             20        4035725    
    466             20        4035745    
    467             20        4035765    
    468             20        4035785    
    469             20        4035805    
    470             20        4035825    
    471             20        4035845    
    472             20        4035865    
    473             20        4035885    
    474             20        4035905    
    475             20        4035925    
    476             19        4035944    
    477             19        4035963    
    478              1        4035964    
    479              1        4035965    
    480              1        4035966    
    481              1        4035967    
    482              1        4035968    
    483              1        4035969    
    484              1        4035970    
    485             20        4035990    
    486              1        4035991    
    487              1        4035992    
    488              1        4035993    
    489              1        4035994    
    490              1        4035995    
    491              1        4035996    
    492              1        4035997    
    493              1        4035998    
    494              1        4035999    
    495              1        4036000    
    496              1        4036001    
    497              1        4036002    
    498             20        4036022    
    499              1        4036023    
    500              1        4036024    
    501              1        4036025    
    502              1        4036026    
    503              1        4036027    
    504              1        4036028    
    505              1        4036029    
    506              1        4036030    
    507             19        4036049    
    508             19        4036068    
    509             19        4036087    
    510             19        4036106    
    511             19        4036125    
    512             19        4036144    
    513             19        4036163    
    514             19        4036182    
    515             19        4036201    
    516             19        4036220    
    517             19        4036239    
    518             19        4036258    
    519             19        4036277    
    520             19        4036296    
    521             19        4036315    
    522             19        4036334    
    523             19        4036353    
    524              1        4036354    
    525              1        4036355    
    526              1        4036356    
    527              1        4036357    
    528              1        4036358    
    529              1        4036359    
    530              1        4036360    
    531              1        4036361    
    532              1        4036362    
    533              1        4036363    
    534              1        4036364    
    535              1        4036365    
    536              1        4036366    
    537              1        4036367    
    538              1        4036368    
    539              1        4036369    
    540              1        4036370    
    541              1        4036371    
    542              1        4036372    
    543              1        4036373    
    544              1        4036374    
    545              1        4036375    
    546              1        4036376    
    547              1        4036377    
    548              1        4036378    
    549              1        4036379    
    550              1        4036380    
    551              1        4036381    
    552              1        4036382    
    553              1        4036383    
    554              1        4036384    
    555              1        4036385    
    556              1        4036386    
    557              1        4036387    
    558              1        4036388    
    559              1        4036389    
    560              1        4036390    
    561              1        4036391    
    562              1        4036392    
    563              1        4036393    
    564              1        4036394    
    565              1        4036395    
    566              1        4036396    
    567              1        4036397    
    568              1        4036398    
    569              1        4036399    
    570              1        4036400    
    571              1        4036401    
    572              1        4036402    
    573              1        4036403    
    574              1        4036404    
    575              1        4036405    
    576              1        4036406    
    577              1        4036407    
    578              1        4036408    
    579              1        4036409    
    580              1        4036410    
    581              1        4036411    
    582              1        4036412    
    583              1        4036413    
    584              1        4036414    
    585              1        4036415    
    586              1        4036416    
    587              1        4036417    
    588              1        4036418    
    589              1        4036419    
    590              1        4036420    
    591              1        4036421    
    592              1        4036422    
    593              1        4036423    
    594              1        4036424    
    595              1        4036425    
    596              1        4036426    
    597              1        4036427    
    598              1        4036428    
    599              1        4036429    
    600             17        4036446    
    601              5        4036451    
    602              1        4036452    
    603              1        4036453    
    604              1        4036454    
    605              1        4036455    
    606              1        4036456    
    607              1        4036457    
    608              1        4036458    
    609              1        4036459    
    610              1        4036460    
    611              1        4036461    
    612              1        4036462    
    613              1        4036463    
    614              1        4036464    
    615              1        4036465    
    616              1        4036466    
    617              1        4036467    
    618              1        4036468    
    619              1        4036469    
    620              1        4036470    
    621              1        4036471    
    622              1        4036472    
    623              1        4036473    
    624              1        4036474    
    625              1        4036475    
    626              1        4036476    
    627              1        4036477    
    628              1        4036478    
    629              1        4036479    
    630              1        4036480    
    631              1        4036481    
    632              1        4036482    
    633              1        4036483    
    634              1        4036484    
    635              1        4036485    
    636              1        4036486    
    637              1        4036487    
    638              1        4036488    
    639              1        4036489    
    640              1        4036490    
    641              1        4036491    
    642              1        4036492    
    643              1        4036493    
    644              1        4036494    
    645              1        4036495    
    646              1        4036496    
    647              1        4036497    
    648              1        4036498    
    649              1        4036499    
    650              1        4036500    
    651              1        4036501    
    652              1        4036502    
    653              1        4036503    
    654              1        4036504    
    655              1        4036505    
    656              1        4036506    
    657              1        4036507    
    658              1        4036508    
    659              1        4036509    
    660              1        4036510    
    661              1        4036511    
    662              1        4036512    
    663              1        4036513    
    664              1        4036514    
    665              1        4036515    
    666              1        4036516    
    667              1        4036517    
    668              1        4036518    
    669              1        4036519    
    670              1        4036520    
    671              1        4036521    
    672              1        4036522    
    673              1        4036523    
    674              1        4036524    
    675              1        4036525    
    676              1        4036526    
    677              1        4036527    
    678              1        4036528    
    679              1        4036529    
    680              1        4036530    
    681              1        4036531    
    682              1        4036532    
    683              1        4036533    
    684              1        4036534    
    685              1        4036535    
    686              1        4036536    
    687              1        4036537    
    688              1        4036538    
    689              1        4036539    
    690              1        4036540    
    691              1        4036541    
    692              1        4036542    
    693              1        4036543    
    694              1        4036544    
    695              1        4036545    
    696              1        4036546    
    697              1        4036547    
    698              1        4036548    
    699              1        4036549    
    700              1        4036550    
    701              1        4036551    
    702              1        4036552    
    703              1        4036553    
    704              1        4036554    
    705              1        4036555    
    706              1        4036556    
    707              1        4036557    
    708              1        4036558    
    709              1        4036559    
    710              1        4036560    
    711              1        4036561    
    712              1        4036562    
    713              1        4036563    
    714              1        4036564    
    715              1        4036565    
    716              1        4036566    
    717              1        4036567    
    718              1        4036568    
    719              1        4036569    
    720              1        4036570    
    721              1        4036571    
    722              1        4036572    
    723              1        4036573    
    724              1        4036574    
    725              1        4036575    
    726              1        4036576    
    727              1        4036577    
    728              1        4036578    
    729              1        4036579    
    730              1        4036580    
    731              1        4036581    
    732              1        4036582    
    733              1        4036583    
    734              1        4036584    
    735              1        4036585    
    736              1        4036586    
    737              1        4036587    
    738              1        4036588    
    739              1        4036589    
    740              1        4036590    
    741              1        4036591    
    742              1        4036592    
    743              1        4036593    
    744              1        4036594    
    745              1        4036595    
    746              1        4036596    
    747              1        4036597    
    748              1        4036598    
    749              1        4036599    
    750              1        4036600    
    751              1        4036601    
    752              1        4036602    
    753              1        4036603    
    754              1        4036604    
    755              1        4036605    
    756              1        4036606    
    757              1        4036607    
    758              1        4036608    
    759              1        4036609    
    760              1        4036610    
    761              1        4036611    
    762              1        4036612    
    763              1        4036613    
    764              1        4036614    
    765              1        4036615    
    766              1        4036616    
    767              1        4036617    
    768              1        4036618    
    769              1        4036619    
    770              1        4036620    
    771              1        4036621    
    772              1        4036622    
    773              1        4036623    
    774              1        4036624    
    775              1        4036625    
    776              1        4036626    
    777              1        4036627    
    778              1        4036628    
    779              1        4036629    
    780              1        4036630    
    781              1        4036631    
    782              1        4036632    
    783              1        4036633    
    784              1        4036634    
    785              1        4036635    
    786              1        4036636    
    787              1        4036637    
    788              1        4036638    
    789              1        4036639    
    790              1        4036640    
    791              1        4036641    
    792              1        4036642    
    793              1        4036643    
    794              1        4036644    
    795              1        4036645    
    796              1        4036646    
    797              1        4036647    
    798              1        4036648    
    799              1        4036649    
    800              1        4036650    
    801              1        4036651    
    802              1        4036652    
    803              1        4036653    
    804              1        4036654    
    805              1        4036655    
    806              1        4036656    
    807              1        4036657    
    808              1        4036658    
    809              1        4036659    
    810              1        4036660    
    811              1        4036661    
    812              1        4036662    
    813              1        4036663    
    814              1        4036664    
    815              1        4036665    
    816              1        4036666    
    817              1        4036667    
    818              1        4036668    
    819              1        4036669    
    820              1        4036670    
    821              1        4036671    
    822              1        4036672    
    823              1        4036673    
    824              1        4036674    
    825              1        4036675    
    826              1        4036676    
    827              1        4036677    
    828              1        4036678    
    829              1        4036679    
    830              1        4036680    
    831              1        4036681    
    832              1        4036682    
    833              1        4036683    
    834              1        4036684    
    835             29        4036713    
    836             17        4036730    

Scene                        Shape Bytes    Text Bytes    ActionScript Bytes
-------------------------    -----------    ----------    ------------------
Scene 1                            18605           280                     0

Symbol                       Shape Bytes    Text Bytes    ActionScript Bytes
-------------------------    -----------    ----------    ------------------
Tween 37                               0             0                     0
Tween 36                               0             0                     0
Symbol 241                             0             0                     0
Symbol 240                             0             0                     0
Symbol 239                             0             0                     0
Symbol 238                             0             0                     0
Symbol 237                             0             0                     0
Symbol 236                             0             0                     0
Symbol 235                             0             0                     0
Symbol 234                             0             0                     0
Symbol 232                             0             0                     0
Symbol 230                             0             0                     0
newcar                                 0             0                     0
Symbol 227                             0             0                     0
Expand 5                               0           655                     0
Expand 3                               0           408                     0
effectSym12                            0             0                     0
effectSym11                            0             0                     0
effectSym10                            0             0                     0
effectSym9                             0             0                     0
effectSym8                             0             0                     0
effectSym7                             0             0                     0
effectSym6                             0             0                     0
effectSym5                             0             0                     0
effectSym4                             0             0                     0
effectSym3                             0             0                     0
effectSym2                             0             0                     0
effectSym1                             0             0                     0
effectSym0                             0             0                     0
Explode 2                              0             0                     0
scooby                                 0             0                     0
Tween 35                               0             0                     0
Tween 34                               0             0                     0
Tween 33                               0             0                     0
Tween 32                               0             0                     0
Tween 31                               0             0                     0
Tween 30                               0             0                     0
Symbol 123                             0             0                     0
start                                  0             0                     0
text2                                  0             0                     0
Symbol 113                             0           684                     0
text1                                  0             0                     0
Symbol 111                             0             0                     0
text                                   0             0                     0
Symbol 107                             0             0                     0
Symbol 103                             0             0                     0
boy2                                 598             0                     0
boy                                    0             0                     0
Tween 29                               0             0                     0
Tween 28                               0             0                     0
car3                                   0             0                     0
Symbol 96                              0             0                     0
bus                                    0             0                     0
Symbol 94                              0             0                     0
Tween 27                               0             0                     0
Tween 26                               0             0                     0
Tween 25                               0             0                     0
Tween 24                               0             0                     0
Tween 23                               0             0                     0
Tween 22                               0             0                     0
Tween 21                               0             0                     0
Tween 20                               0             0                     0
Tween 19                               0             0                     0
Tween 18                               0             0                     0
Tween 17                               0             0                     0
Tween 16                               0             0                     0
Tween 15                               0             0                     0
Tween 14                               0             0                     0
Tween 13                               0             0                     0
Tween 12                               0             0                     0
Tween 11                               0             0                     0
Tween 10                               0             0                     0
Symbol 53                              0             0                     0
Symbol 50                              0             0                     0
Symbol 49                              0             0                     0
Tween 9                                0             0                     0
Tween 8                                0             0                     0
Tween 7                                0             0                     0
Tween 6                                0             0                     0
Tween 5                                0             0                     0
Tween 4                                0             0                     0
Tween 3                                0             0                     0
Tween 2                                0             0                     0
Tween 1                                0             0                     0
car                                    0             0                     0

Font Name                 Bytes        Characters    
----------------------    ---------    --------------
Arial                           341    ©
Times New Roman Bold            734    OPST
Book Antiqua Bold             11074     ,-./0123456789?@ABCEGHKLORSTUYabcdefghiklmnoprstuvwxy

Bitmap                     Compressed    Compression
-----------------------    ----------  --------  -----------
Bitmap 36                      20449      360192   JPEG Quality=80
flash0.png                      1128       96696   Lossless
Bitmap 15                       9508      131080   JPEG Quality=80
flatbg                            70       33448   Lossless
Bitmap 39                      20472      360192   JPEG Quality=80
Bitmap 50                       1972        7600   JPEG Quality=80
Bitmap 41                       7713       76692   JPEG Quality=80
Bitmap 45                       3919       21168   JPEG Quality=80
Bitmap 44                       6711       83160   JPEG Quality=80
Bitmap 52                       4079       21168   JPEG Quality=80
Bitmap 51                       6711       83160   JPEG Quality=80
Bitmap 54                       6211       32240   JPEG Quality=80
Bitmap 53                       6920       83160   JPEG Quality=80
Bitmap 47                       3327       14080   JPEG Quality=80
Bitmap 46                       6872       83160   JPEG Quality=80
Bitmap 56                       5236       22272   JPEG Quality=80
Bitmap 55                       6495       83160   JPEG Quality=80
Bitmap 49                      16757      251328   JPEG Quality=80
Bitmap 48                      26513      758400   JPEG Quality=80
Bitmap 58                      28424      284972   JPEG Quality=80
Bitmap 57                      24944      758400   JPEG Quality=80
Bitmap 19                       1543        8400   JPEG Quality=80
Bitmap 18                       1537        8400   JPEG Quality=80

Event Sounds: 11KHz Mono 16 kbps MP3


Sound name                 Bytes        Format    
-----------------------    ---------    ----------
bigpoolsplash.wav            7235         5KHz Mono 16 kbps MP3
whipcrack                    2483         5KHz Mono 16 kbps MP3
truckhorn.wav                3077         5KHz Mono 16 kbps MP3
P-Square - Chop My Money (Remix) (Feat. Akon & May D) (BiGxGh.Com) 3809789        11KHz Mono 16 kbps MP3




